semantic_name: census_industry.xlsx
preferred: raw
raw: 2026-02-05 09:05:09.20757_census_industry.xlsx
meta_file: 2026-02-05 09:05:09.20757_census_industry.xlsx.yml
sha256: 4caffe0784f1b7578889dfa945de78293337ca57729dd1a9a3f81b8103cc5573
updated: 2026-02-05 09:41:41
