semantic_name: historic_lmo_ind_code.xlsx
preferred: raw
raw: 2026-02-05 09:27:53.069639_historic_lmo_ind_code.xlsx
meta_file: 2026-02-05 09:27:53.069639_historic_lmo_ind_code.xlsx.yml
sha256: 97b5cf539076ce9e33c6ccbf7da7669d9ed3e2103be7539d5a6f5a414d8ec5e4
updated: 2026-02-05 09:41:48
